.35
.3505911491902259
.3511939243525376
.3518104131939353
.3524426891514214
.35309276536341827
.35376271434658235
.3544546219935329
.35517061273250183
.35591294729358797
.35668395484895926
.3574859762079429
.35832149478688996
.35919304121728063
.36010324426792245
.3610548919414712
.3620509646140927
.36309445887231284
.36418852650810163
.3653364682913136
.366541779418633
.3678081327557253
.3691393513793437
.3705394422222284
.37201272937071744
.3735637221065818
.37519721561104213
.37691814491485975
.37873173481098654
.3806435537659789
.3826594409612587
.3847855649323398
.38702842392939
.3893948353218959
.39189196341869537
.394527393662509
.3973090812052283
.40024548583421804
.4033454946603783
.40661849295528935
.4100743908649122
.41372351331888924
.41757693773865623
.4216462890458267
.4259436195604187
.4304818874129472
.4352743635060432
.44033558846272236
.4456805538720272
.4513247046764529
.45728416766722735
.463577537338822
.47022402582340117
.4772422811993024
.484652477906229
.49247559725064977
.5007334064094136
.5094485361018093
.5186458396776243
.5283522332936631
.538594812681553
.5494017950189871
.5608028380607782
.5728296291819378
.5855147575164764
.5988923896739857
.6129982385797127
.6278695188059829
.6435449591495279
.6600648507605734
.6774701226928203
.6958038768042185
.715110442332534
.7354360368283022
.756827996290795
.7793348655248428
.8030043452406208
.8278870390720383
.8540331997828803
.8814915172386235
.9103110385559813
.9405378196607315
.9722163975331326
1.0053856588262182
1.0400812527394157
1.076327674601557
1.114143406793819
1.1535274888610925
1.1944654596586086
1.2369124928299522
1.2807947203550887
1.3259907574238126
1.3723201423935187
1.419527461721221
1.467239131194136
1.5149663909607034
1.5619970192390331
1.6074592012799693
1.650171250247459
1.6887251121592866
1.7216265837825613
1.7474507171639595
1.7654839520405878
1.775707589063635
1.77787550696048
1.768115250558053
