.35
.3524126731353195
.35486749768440456
.3573805399640696
.3599677261454061
.3626455029178192
.3654307136826841
.36834092273362373
.3713946309645743
.3746104771745988
.37800876546246504
.3816101695474833
.38543661578259025
.38951098599749967
.3938584980064426
.39850793815216984
.4034872670783354
.40882559323629375
.4145557921067431
.4207135670315394
.4273365111950467
.43446428628121186
.44214274825617883
.4504184253525107
.4593399899919357
.46896462024698893
.47935133771030014
.4905600240137241
.5026624919467819
.5157327188518303
.5298477562329226
.5450955133454994
.5615683294069618
.5793643434578749
.5985946872818991
.619375257661462
.6418303591878822
.6660955100909483
.6923165238373246
.720650201784002
.7512657571552407
.7843447851019063
.8200828806030542
.8586902088413085
.9003928492228185
.9454322649383652
.9940678381630997
1.0465911495125562
1.103290029158119
1.1644928214702468
1.2305198784687703
1.301740694378658
1.3785186403476581
1.4612628729008532
1.5503788937814995
1.6463093140371465
1.7494954644296579
1.8603972013863486
1.9794763628973409
2.107174998004722
2.243942490126514
2.390130881750764
2.5461088766252886
2.711996179972225
2.8879450903968813
3.073499344669935
3.2682733517994995
3.4714479954082034
3.680902961029536
3.89321907152211
4.103385193884803
4.304052789211221
4.483908349187119
4.6301230822142445
4.731306982661302
4.782883634166731
4.776484881908354
4.716694093915652
4.625689303779844
4.504584824010679
4.3529341382446045
4.170632264054429
3.9581212888859527
3.7163242543199217
3.4467068011655697
3.1514137738974557
2.833382595117239
2.4965607792374733
2.14632741958286
1.789926513234755
1.436959186627269
1.0997549114893845
.7932368277657629
.5329865211043097
.33146791971150835
.1917652824883988
.10510929358475032
.05547090854585716
.028898369143917364
.015240746234380254
.00822547488338484
.004553747782044595
.002574287599954946
.0014721762483631473
.0008511834174144817
.0004914471442371263
