.35
.3524387388924362
.35491011212873197
.3574276677457455
.3600047771784591
.3626553934038673
.36539381334874016
.36823542406256965
.3711955722331887
.3742911960968896
.3775390035193984
.38095730034693454
.3845645121413145
.38838177035453897
.39243297807236316
.39674075256842634
.40132939766458786
.4062262349428557
.4114600785947806
.41706251623881957
.4230666755781709
.42950814308387947
.4364254783925077
.44386150026856097
.451860128285018
.4604703419302881
.46974351490848837
.4797339725863783
.49050457672840947
.5021166766908135
.5146421736929474
.5281574667338612
.5427407997674318
.5584841501413494
.5754784069704997
.5938256832756207
.6136403175129536
.635033903266019
.6581395978149438
.6830920055620311
.7100367548138303
.7391412645348617
.7705669306359688
.8045036224226971
.8411495371813612
.8807114824305724
.9234373038312459
.9695485442609736
1.0193154038888053
1.0730180749352236
1.130936703247787
1.1934083588895783
1.260754794214533
1.333338478618519
1.4115381592590965
1.4957486301229312
1.5863837331935233
1.68387960905288
1.7886674579040205
1.9012056393560994
2.021946216063867
2.1513022446935373
2.2897407223455555
2.4375281340308583
2.5950302163578174
2.7623958544380813
2.9394835092709695
3.126318441802739
3.321959289695358
3.525291163785632
3.7338087887519293
3.9440097620215018
4.150299523913693
4.3449241843809
4.516306797197473
4.651085916915137
4.739578501721607
4.77852626503896
4.757599449481581
4.691497310505878
4.596017958047403
4.471392249855567
4.317099440654284
4.133010526049813
3.9195325404189765
3.677579802346194
3.408703590281323
3.115027289274972
2.7994110740089315
2.4657924086370966
2.1195707362179945
1.7680001589385246
1.420360474258099
1.088629158746818
.7870259148623349
.5305145006479428
.33140321838899295
.19255254731275717
.10557137894664313
.05599107598741618
.02946664225581486
.015623104066795776
.008501812008433453
.004753227802223058
.0027097061106741947
.001560117598348437
