.001
.001150513768507886
.0013028460688407405
.0014573825181113222
.0016145056432077635
.001774587342609445
.0019380173786112702
.002105191086186543
.0022765156573276405
.0024524350127603754
.0026334113634571606
.002819909819631728
.0030124314920924444
.003211488254904626
.0034176155061600324
.003631386438489089
.0038534196505672024
.004084333072002277
.004324779513275301
.004575443642989214
.004837051534997371
.005110364028816726
.005396176364771167
.005695323037517713
.006008704100049319
.006337258001834967
.006681980460887184
.007043890688287402
.007424068324195055
.007823665206757445
.008243885283922243
.008685999423989605
.009151344668857536
.009641321817594518
.010157400233792708
.010701134522324709
.011274153163654313
.011878186552346903
.012515050812324194
.013186662283326486
.013895041094630134
.01464229186559624
.015430674107636263
.016262558578016124
.01714039897207816
.018066822874551625
.019044528369482033
.020076465875415506
.021165675965788437
.022315289823248645
.023528575383738308
.024809336767820028
.026161503642767002
.02758886915480342
.02909555520466317
.03068579521823216
.032363894081030596
.034134391404529806
.03600234172385544
.03797329246784266
.04005271457584302
.042246288333523015
.04455998637394594
.04700023970282601
.049573657688956864
.05228716416992718
.05514799471459003
.05816369717866528
.061342128184457334
.06469146460112592
.06821996755959964
.07193637138163407
.07584964527909134
.07996919361843388
.08430460213427061
.08886571471029052
.09366217071088397
.098704228112363
.10400207719454904
.10956566341518019
.11540498509275705
.12152937773395903
.12794792767555319
.1346685730672495
.14169858464774066
.14904304107457556
.15670579333609122
.16468680859078905
.17298335771145595
.18158661973974866
.19048195501144563
.1996452089849914
.20904038863439894
.2186165076401221
.22829895113033838
.23799012957453258
.24754801076443825
.2567990061272882
.2655094372754268
.273401102375339
.2801871984348885
.2856078686888307
.28958443237075854
.29227317237256556
.2940406945112832
.29534392260433734
