.001
.0013951983897414234
.001796363079287163
.0022057931634143647
.002625772376973144
.0030586766720076693
.003506952477604109
.003973168149857007
.0044600466665450835
.004970330632413797
.0055070303699363155
.006073206573290873
.0066721104101619974
.007307131587866031
.007982018245883009
.00870107833210699
.009468451603303077
.01028843362025373
.011165885621420478
.012106088952149043
.013114589640176581
.014197216139881475
.015360741365671117
.01661198753150825
.017958057452198674
.019407353593339394
.020968508837793158
.022650210019381507
.024462965714856056
.026417553489177414
.02852513898012101
.030798518521572376
.033251089685581416
.03589704725285645
.03875252984513238
.04183430820874974
.04516033770368425
.04875019511641943
.05262492833938499
.056807150340815786
.0613212497159228
.06619337208305379
.07145166059650951
.0771263421908379
.08324991526040104
.08985704680979312
.09698496055442023
.1046754638439662
.11296982968980891
.1219150834100738
.13155711594169825
.14194877446916354
.1531420416644043
.16519536610127067
.17816668284549791
.19211914137125546
.20711571639828952
.2232219297221334
.24050359401590796
.25902358659341024
.2788458390991627
.3000202744357985
.3225991985812731
.346599430819892
.3720424165173835
.39886236704471223
.4270036403006594
.4563499331572209
.48659986338644307
.5172664479379776
.5476376462065499
.5766753810415315
.6027904316720711
.6242231579196486
.6395575777051672
.6489567718495968
.6544926027615191
.6576463281626206
.6605568504655202
.6639439660233589
.6679899021214339
.6727500265441476
.6782400679872742
.6844476762882967
.6913400742812048
.6988693566962094
.7069649513714311
.7155237727799354
.7244099819941564
.7334459330643434
.7423937383071451
.7509389151940125
.7587053904868806
.7653053900751058
.7704301552846489
.7740069741174345
.7762656044250625
.7776195969184142
.7784237193630105
.7789206173338411
.7792387948176175
.7794404947473204
.7795640687262022
.7796376078734938
.7796805916920294
.7797055816850917
