.001
.001394682878027766
.001794071410416926
.0022001168734389316
.0026147441929582223
.0030399742909064486
.0034778845478684877
.003930729260785183
.004400753666078561
.004890457841417614
.005402298125384205
.005938981236990208
.006503221100016601
.007098156765687882
.00772736129699464
.00839417703682629
.009102194474193599
.009855464917708301
.010658250640632205
.011515228503004672
.012431286803076683
.013411667764420307
.014462047073767982
.015588714753285549
.016798119180957492
.018097438267692074
.0194941933492918
.020996330577016182
.022613019141974087
.024353213251452274
.02622738342064776
.02824664338564961
.030422371805223256
.03276791534789508
.0352964640556944
.03802281590862955
.040963518269225674
.04413472523498575
.04755567586015492
.05124581438069974
.05522616115618092
.05952084764483798
.06415314410082937
.06915038466661322
.07454108837131865
.08035500078199206
.08662770129861827
.09339102937948435
.10068378107940618
.10854618061724623
.11701841648247323
.12614868501185406
.13598308259050532
.1465734506296324
.15797393678862964
.17024095879549014
.1834336206588703
.1976141928916113
.21284416806360223
.22918890651821305
.24671281619573598
.2654746464832411
.28554085469250584
.3069491545219244
.3297514141563709
.3539686711756875
.379580728816603
.4065909347802505
.434864749943611
.4642430667961938
.49436932362348995
.5247459816222095
.5545798348491404
.5827755872203062
.6077145390688433
.6275780994209967
.6412866035701332
.6494835086171964
.6543644553952775
.65730450068897
.6602459291201622
.6636934193146895
.6677939503192241
.6725942410869875
.6781030132873954
.6843090070975131
.6911810424998616
.6986690540231927
.706701747921159
.7151799305954141
.7239685684104603
.7328853777027476
.7416975864466526
.750104667605854
.7577495153175579
.76425646272745
.7693197337880989
.7728735298184267
.7751376326494751
.7764880187724189
.7772889098900799
.7777874405028203
.7781075212731872
.7783115128155917
.7784374284773024
.7785130566173479
