11.1
11.094395913558381
11.088722423428196
11.08296492553101
11.077108931709592
11.071140357265786
11.065044456983545
11.058806281645932
11.052410443907773
11.045840192498998
11.039078096636747
11.03210661718697
11.02490687457832
11.017459586220788
11.009744591223427
11.001740317135946
10.993423495482045
10.98477087411911
10.975757894418042
10.966358801302732
10.956546284984796
10.94629172366082
10.935565208460837
10.924335356389632
10.912568317661894
10.900228798627996
10.887279347570573
10.873681616993661
10.859394987333228
10.844376125319542
10.828579729469304
10.811957978440933
10.794460556752108
10.776034745556679
10.75662523916931
10.736173521213143
10.714618290418555
10.691894406752594
10.667933499235406
10.642663420890512
10.616008108729279
10.587888319383403
10.558218980049446
10.526910828457437
10.493871470645434
10.459001940837727
10.422200634139408
10.383356428682113
10.342354804391269
10.29907782580314
10.253402403130286
10.205185327275087
10.154278661101687
10.100539562543212
10.043812848078401
9.983939020674894
9.920755701299132
9.854091799209263
9.783756963780595
9.709542437343424
9.631242100664712
9.548641915102433
9.461516831310876
9.36962463256931
9.272716375772818
9.170531262723435
9.062796750947564
8.94922854899758
8.82953074214617
8.703395360677566
8.570511153512504
8.430549122970314
8.283171391072694
8.128023823351636
7.964745339150787
7.792965174567331
7.612320217161327
7.422424113753649
7.222893076874139
7.013352682003437
6.793426489484503
6.5627629401439345
6.321019981238195
6.067898835984574
5.803125865343763
5.526510197193893
5.23790721620112
4.937318784344146
4.624848468053546
4.300829549197608
3.965814736531904
3.620715592373094
3.266890147013785
2.906261965040402
2.5416459237054516
2.1767237856386825
1.8168547907907961
1.468590079659715
1.140755557515813
.8438598204350718
.5887731200282701
.3854057057690995
.2370012198065207
.13835321846722146
.07742110672556374
.04225819671335182
