11.1
11.091912507279803
11.08371010302371
11.075347858456196
11.066781422958137
11.057964883240867
11.048851270079478
11.039391557956325
11.02953405339825
11.019227216098372
11.008414635637015
10.997039539958983
10.985042008801477
10.972360095774432
10.958925414943742
10.94465902283984
10.929486459751015
10.913331257479705
10.89610670215297
10.877718740165557
10.858069377265343
10.837056517157182
10.814560472506187
10.790462474095685
10.76464026847937
10.736947147609923
10.70723408600102
10.6753542107595
10.641126031298153
10.604365623727114
10.564885228899774
10.522467284815528
10.476885990615225
10.42790449988759
10.375250789901793
10.318645150896657
10.25778993357878
10.19236077276624
10.1220100786126
10.046365849824749
9.965027988773901
9.877569342076443
9.783531560233001
9.68242353331588
9.573718798530212
9.456858445621405
9.331243989737585
9.196206655493548
9.051085879105106
8.895133953144414
8.727620335398367
8.547711543581139
8.354586663444906
8.147331087431175
7.925037327720506
7.686726228892879
7.431420295722814
7.158115593283599
6.865802304247869
6.553534972873676
6.2203499628309356
5.865528763092661
5.488313385989494
5.088530378240352
4.665932365804608
4.221723482788992
3.7569392517481477
3.273537689937216
2.7764771270602333
2.2737869669054853
1.7771138778902071
1.3032549943182525
.8780081930580593
.5299241889598149
.28227442826042876
.1342193571508667
.060042173900804637
.03763721767117924
.029562873984741944
.025447196667684822
.022905073725281472
.021190177226685022
.0199160218809979
.018918912215883193
.01813023693669587
.017455262985888505
.016837877400526658
.016320965918373512
.01590264638126237
.015510555562065207
.015085509715715434
.014678693435942245
.014291126540728933
.01385832808496078
.013312035940246431
.012590364896966657
.011579823457489813
.010154209500454491
.008274998457136013
.006131670306245864
.00414290231278472
.0026053471129922497
.0015666024040171796
.0009209452134900057
.000534991679289101
.0003099815899055136
