11.1
11.091834776901003
11.08358105246401
11.075200907380696
11.066657141242835
11.057910793705648
11.048922012988847
11.039647612696895
11.030044977442437
11.020066653690968
11.009666587984844
10.998794111223521
10.987399040036781
10.975423097316392
10.962799764669716
10.949468139812886
10.93536314924244
10.920411232303374
10.904535584192981
10.887652041411336
10.869673391273517
10.85050659819509
10.830051277265582
10.808196901750327
10.784830345689604
10.759826405685667
10.7330543074254
10.704376292344865
10.673634825987133
10.64067574912507
10.605320117755557
10.567378712337582
10.526658005428919
10.482932768062023
10.435980371985892
10.385552343755348
10.331372321577604
10.27317026430887
10.210627009947618
10.143420315134573
10.071202939456393
9.993578738439721
9.910165233516848
9.820516198251783
9.72416719921776
9.62063474755813
9.509345673972742
9.389784360468262
9.26132674464677
9.1233265150808
8.975139540231234
8.816004580314877
8.645187823891181
8.461872116548856
8.265205424744288
8.054302688928543
7.8282431929263385
7.586056021586951
7.326794556708336
7.049451886807676
6.7530444459903896
6.436692674269572
6.0993929615329785
5.74062460907688
5.359640190165774
4.9561937264263705
4.530704977236845
4.083228718676417
3.6160685816590004
3.131925433809306
2.636684425802463
2.1385098435273404
1.650322761950781
1.1899426050632513
.7836501391969494
.46101788196564275
.24010022919686053
.11296907867412002
.05288969436385689
.035624965604101014
.02867484644044037
.024945491687486256
.022564094166720536
.020912330217286394
.019713136800743325
.018790934019244185
.018025439740259948
.017359468817969462
.016773810092879027
.016260884845734867
.015800437363869012
.015380786228387079
.014983702672691229
.014589533907175722
.014181424075751684
.013741709298203494
.013214071143788421
.0125187884201051
.011548550941448597
.010152973283394554
.008300746868850628
.0061978335677201546
.004217413845988765
.0026727656564970092
.0016221777825448903
.0009629272868068724
