1.3986254296
1.5150713733439265
1.633328468888922
1.7535216253751778
1.8757785289047213
2.000226853687447
2.1269956955886786
2.256216984855699
2.3880249559686497
2.522556524898076
2.65995158043667
2.8003529364832977
2.943906719404312
3.090760928424214
3.2410679914600853
3.394983803879858
3.552667913300386
3.7142830085560514
3.8799953952609267
4.049975353838259
4.224397233356377
4.403439561670381
4.587284925389642
4.776119497875887
4.9701338128033195
5.169524002225637
5.374489456364866
5.58523326200639
5.80196322297274
6.024891198453355
6.2542332689346445
6.490209806727536
6.7330448664711575
6.982966558760063
7.240204345503389
7.504992436323851
7.777568806159138
8.058168822152403
8.347031046146824
8.644399930648127
8.950514136844046
9.265604168966556
9.589912132480675
9.923669599894444
10.267075355484131
10.620349192482239
10.983691453222297
11.357244611458523
11.741167578927138
12.135587274802537
12.540543209068355
12.956042857420098
13.382071037420827
13.818463737926047
14.264880567549808
14.721012374564753
15.186349806794455
15.659964851032255
16.140787436156916
16.627071136823815
17.11672489888098
17.60670377299408
18.0929286874037
18.569769251742805
19.02952409195581
19.46211783744821
19.854544067476162
20.19151301981782
20.458920336051243
20.650473616321378
20.772776277341364
20.842984440772373
20.88015554605133
20.89884493122446
20.907975041697437
20.91236779320449
20.914464790913424
20.91546193470585
20.915935226652515
20.91615961444063
20.916265921533824
20.916316251981037
20.91634007100899
20.916351337013687
20.91635665257149
20.916359149561675
20.916360322126224
20.916360854910632
20.916361131400663
20.916361292476488
20.91636136869514
