.0833333333
.08791187292341264
.09254744051101402
.09724413149407718
.10200612137118091
.10683755831950895
.11174260875455848
.11672551092543725
.1217905528409317
.12694208515331568
.13218452964556937
.13752237945802256
.1429602112224569
.14850262980933154
.15415436334729532
.15992022400356556
.16580511238912024
.17181400041998157
.17795194799696706
.18422411472540726
.19063576191958276
.19719225440766494
.20389905827751362
.21076171624094747
.21778588479660677
.22497736930351644
.23234204521876414
.23988586445277615
.24761490176582907
.2555353240778848
.2636533997922358
.2719754996448478
.2805080770001307
.2892576801046431
.29823086464086973
.3074343035474456
.31687475525159303
.326558867329147
.3364933560036369
.3466850896657624
.3571407328716663
.3678666760372083
.37886963366840054
.3901559764121063
.40173106604163256
.41360086705807314
.42577073503283974
.4382442954066893
.4510256217680972
.4641178150531856
.47752133247563794
.491235653607278
.5052595637720902
.5195873124738922
.5342077648124302
.5491107737533989
.564280099428167
.5796868170472421
.5952976428568334
.6110577317735031
.6269018520786496
.6427345466363217
.658427631128946
.6738035779726725
.6886183663977421
.7025517478892381
.7151887466866342
.7260397491998263
.7346514041694043
.7408209557838891
.7447605037724233
.747022177059353
.7482196517265978
.7488217464195309
.7491158831403121
.7492574007257164
.7493249578023038
.7493570817627041
.7493723292573541
.749379558063365
.7493829828023927
.7493846042163966
.7493853715514622
.7493857344864377
.7493859057265626
.7493859861662561
.749386023939641
.7493860411025803
.7493860500093615
.7493860551983511
.7493860576536857
