.5165630156
.6862472249846393
.857461337288034
1.030320227758702
1.204939939413818
1.3814340167881551
1.5599146608895753
1.7404946475849188
1.923286465763488
2.108402708099157
2.2959562489894627
2.486060377087138
2.678829098196627
2.874375173602736
3.072813376184399
3.2742589757134066
3.4788277708485995
3.686635613478566
3.897798936145154
4.112435079040114
4.330662289400503
4.55259967670416
4.77836723868108
5.008084684667057
5.241873104607912
5.479855667842793
5.722155295606842
5.968894421289433
6.220196978124586
6.4761870667681665
6.736989422055208
7.00272936609077
7.273532279493447
7.549523940692675
7.8308282129179085
8.117569946330981
8.40987413845461
8.707861318167863
9.011651810838181
9.321367730169321
9.63712483877179
9.959031048202487
10.28719986509245
10.621735490451124
10.96271827952623
11.31024018445507
11.6643781362458
12.025171182670794
12.392665512793565
12.766885028035535
13.147793617688562
13.535332536403558
13.929426854491952
14.329896183425578
14.736434302532803
15.148760694680806
15.566453479423675
15.988798554715167
16.41497875754554
16.843613240004963
17.273085729817197
17.70099836131212
18.12410915454311
18.537886382087514
18.936022209283472
19.310170560729837
19.649412384477056
19.940749876634133
20.172036515385578
20.33779593415531
20.44367406925253
20.504470606473344
20.53666391391337
20.55285168421861
20.56075990987001
20.56456477917402
20.56638111269717
20.567244781502218
20.567654710922852
20.567849054123627
20.567941124967476
20.567984714319362
20.56800534261467
20.568015099223175
20.568019702499214
20.568021864818412
20.568022880174063
20.56802334148083
20.56802358088033
20.56802372036511
20.568023786364783
