.6888564811
.9432687326410821
1.2006155124892806
1.46100992918412
1.7245511271219283
1.9913249399275494
2.261403981895532
2.5348515257162165
2.811720893940116
3.0920567666032506
3.3758962521316835
3.6632708708168003
3.9542077191512286
4.248728016377354
4.546853166273414
4.848603261582592
5.153998512723521
5.4630601812385855
5.775812383116583
6.092283512386937
6.412507147758996
6.736523346989878
7.064377404783882
7.396121813796785
7.731814432080502
8.071526032837845
8.415331089004866
8.763312125583528
9.115559757175225
9.472172637640695
9.833256607018242
10.198925187999633
10.56929800868019
10.9445016503812
11.324663546717424
11.709919736129875
12.100412615861302
12.496277638799693
12.897655547448219
13.304698077963717
13.717545000969032
14.136320055498965
14.561168231912356
14.992216017211284
15.429539943775321
15.873246501086632
16.32341183948159
16.780030265380656
17.24311530262008
17.712633355133182
18.18842045863373
18.670264502799302
19.157919214834113
19.650909302069692
20.14848628660805
20.649956482608022
21.15431763398568
21.659923956685596
22.16490638151047
22.666205930369042
23.16024260761596
23.641782739060844
24.103805983958534
24.536577572670325
24.92666076250571
25.256390084285957
25.502843366197474
25.639017894862217
25.640302134477952
25.496875280523547
25.223039482888453
24.852557765685294
24.422264135567357
23.960101002512427
23.483172933851268
23.000765741858995
22.517649729883036
22.036240430630052
21.55778581765087
21.082969879726566
20.612209360372532
20.145796123807198
19.6839651198777
19.226926445865672
18.7748803538616
18.328024111131864
17.88655488577526
17.45067064242058
17.020570339722667
16.5964531602775
16.178517786144692
