25.8461538462
25.646212260470584
25.444196592854855
25.239953221236384
25.033325958951576
24.82416062646709
24.612303390605646
24.397598482358486
24.179889212088938
23.959017467560578
23.734823436795374
23.50714553657191
23.275819979502486
23.040683171194907
22.801567699859575
22.558304114593543
22.310720832554207
22.05864481444848
21.801900900471292
21.54031137581798
21.27369594820311
21.00187177461473
20.72465345929283
20.441854434481016
20.153284992630162
19.858751360661817
19.55805860515313
19.251010920379173
18.937409229431754
18.617052900304895
18.289739137811008
17.95526315032552
17.6134189219616
17.263998731778457
16.906796951480246
16.541605237993963
16.168213924984098
15.786420276699944
15.396020908359125
14.996808253935646
14.588585133955533
14.171167467765512
13.744360230592193
13.307983887751368
12.861899022324126
12.405945850112916
11.939989721719625
11.463959952274632
10.977773392119447
10.481384468588118
9.974843664522778
9.45823942577934
8.931688389559396
8.39547006300275
7.850056745571537
7.295890166385827
6.733628563621859
6.164367481332308
5.589361213480008
5.010640147357392
4.430594113232605
3.852679569832122
3.2815049730471584
2.723408319685193
2.187070373171608
1.683844424985076
1.22839484355152
.837999199605962
.5285970587942562
.30715358562012407
.1658406611178429
.08474317863646942
.041812901241819286
.020229133715468275
.009685240841052021
.004612252737208312
.002190483992723415
.0010388825038123556
.0004922635630250487
.0002331048948086458
.0001103212641309815
5218854234679545e-20
2467632515663558e-20
11663144994591972e-21
5523049750882158e-21
2638563610205204e-21
12838997640435694e-22
668240253000039e-21
3487569224291189e-22
16269156044803443e-23
7464773566542198e-23
