.0056365136
.010436080658723408
.015157498616821367
.01980046459911127
.024365078011084465
.028851529588584023
.03326013301750475
.037591349736629295
.04184574704289254
.04602399915029741
.050126881736196366
.05415525500843448
.058110065716511575
.06199227192505452
.0658029295920241
.06954314018560545
.07321404104417523
.07681677817999474
.08035251181146659
.08382241606831169
.08722767026803184
.09056944402979067
.09384891076213263
.09706717634298233
.10022536956805894
.10332458789358978
.10636589748621317
.1093502616250419
.11227864020129814
.11515191481627711
.11797091973926017
.1207364233278923
.12344912259445365
.12610964692686594
.12871849985026093
.13127613535595797
.13378293574987188
.13623910452379817
.1386447671684267
.14100001854732855
.1433047510362469
.14555863031061167
.1477613603808379
.14991242190094345
.15201095325702366
.1540561056505018
.15604677369278988
.1579815341617121
.15985882040628754
.16167679684964237
.16343323348485164
.1651256178859549
.16675116753920616
.16830664208071386
.16978831701989555
.17119218017088866
.17251387433428092
.17374994688253728
.1748962835654286
.17594674659750437
.17689573070485357
.17773771167399874
.17846762761397802
.17908249068861923
.17958116501718333
.17996639498846284
.18024765795617326
.18043897537306555
.1805587166590922
.1806278795908407
.18066524779906645
.18068450147534157
.18069415260740612
.1806989171377947
.18070125101024267
.1807023893695479
.1807029434497867
.18070321269578327
.1807033434431114
.1807034068394787
.1807034375656641
.18070345244167926
.18070345963866274
.18070346311798852
.1807034647965495
.18070346560936276
.18070346600715528
.18070346620210523
.18070346630235462
.18070346635565085
.18070346638179163
