.0547254725
.08467366115070023
.11472536620826984
.14489015974826666
.17517753766629388
.20559631693484073
.23615472102442653
.26686068989748113
.29772168527375387
.3287447328964317
.35993641277228455
.39130289504779275
.42284995288057553
.45458258126724443
.48650555732488737
.5186231162871285
.5509389011834872
.5834558778549058
.6161763980833397
.6491022190266744
.6822344583699278
.7155735053406821
.7491190998300823
.7828698407421282
.8168238070867935
.8509781806240856
.8853292250849863
.9198717028526421
.9545996196428675
.9895055261533027
1.024580834977892
1.059815536858584
1.095198086018254
1.1307154655781515
1.166352038436786
1.2020910557541846
1.2379142191744694
1.2737991857856452
1.309721876578126
1.3456575550052854
1.3815768260649308
1.4174450545285915
1.453228499707828
1.4888880804372193
1.5243758047336626
1.559644631412326
1.5946409915071387
1.62930225186319
1.663562922599293
1.6973503275932005
1.7305821496481355
1.763168672790575
1.7950129195891626
1.8260061787715645
1.8560271336704457
1.8849470559254944
1.9126250201888826
1.9389156162052346
1.9636595465268976
1.9866785374625662
2.0077859236292848
2.0267980096836604
2.0435377322016834
2.057860895016698
2.069671807432935
2.0789535243415953
2.085828977944207
2.090557346683417
2.093547587533903
2.0952849608553077
2.0962237852427164
2.0967052600308524
2.096944476651698
2.0970612753877775
2.097117796354192
2.0971450190873764
2.0971581017395775
2.0971643796284196
2.097167390666465
2.097168833018425
2.0971695238122616
2.0971698543790542
2.097170012491399
2.097170088079788
2.0971701241462637
2.0971701414391752
2.097170149831792
2.097170153912301
2.0971701560017264
2.097170157106695
2.0971701576322386
