1.3986254296
1.4956370156177023
1.595030182000659
1.696961415666221
1.8015557451866975
1.908976822859061
2.0192909145027205
2.132668978157216
2.249217213316805
2.3691023201314065
2.492464556814595
2.6194585772993997
2.750242479312806
2.8849723732685617
3.023815452689437
3.166933848028544
3.3145015232653012
3.466689876185906
3.623678703629261
3.785650653731633
3.9527901017076816
4.125292672997215
4.303347814757258
4.487163640020341
4.676936147582355
4.8728699547707235
5.075178871789744
5.284068829742643
5.499757294674597
5.7224650721275845
5.95241224117645
6.189816887075242
6.434904069287286
6.687899446204773
6.949011531070612
7.2184665809156
7.4964782895147195
7.783241351596411
8.078968192056859
8.383840623720317
8.698026209636813
9.021704849703292
9.354988140597674
9.697998836603329
10.050848243840688
10.413515237874597
10.786050490473299
11.168412386320478
11.56039506364602
11.961884928009276
12.372552993720367
12.791903519871545
13.219527639945452
13.654522311113631
14.095954987374041
14.542874536137202
14.993184314733776
15.445345017246288
15.897129986952205
16.344655925455253
16.7849829648855
17.213729172295444
17.624364993873865
18.009306072036967
18.358743342899388
18.66015168432239
18.880114543541254
18.986375880237766
19.020786690054802
19.025163639936917
19.02522950650233
19.025229497177307
19.0252294970523
19.025229497051434
19.025229497051427
19.025229497051427
19.025229497051427
19.025229497051427
19.025229497051427
19.025229497051427
19.025229497051427
19.025229497051427
19.025229497051427
19.025229497051427
19.025229497051427
19.025229497051427
19.025229497051427
19.025229497051427
19.025229497051427
19.025229497051427
19.025229497051427
