.0833333333
.08693264909511275
.0906107738086748
.09437291009184018
.09822322984874203
.10216718138588113
.10620697287918618
.11034831113927691
.11459473958734688
.11895182378690163
.12342422636801695
.12801708660087707
.13273566437160772
.13758515182774728
.14257110619895733
.14769891751802702
.15297436425595717
.1584031416101915
.16399122118492523
.1697446715918797
.17566961821894267
.1817725654386074
.1880598109199382
.19453828841994056
.20121451812357585
.2080953155063388
.21518781179550955
.22249886737208877
.2300357620767511
.23780589513269498
.24581663000069273
.2540753223638453
.26258954512623267
.27136691019501574
.28041452918255416
.28974007373579547
.2993508560489419
.3092536376000523
.3194557325856383
.32996356218448075
.34078314309123336
.35192087786137455
.36338115173009716
.37516870286005594
.3872879475306329
.3997393621373944
.4125255918326622
.42564654656519135
.4390972607767552
.4528755355874646
.466972808352011
.48137560036587296
.49607300074193456
.5110396921653101
.5262494669166243
.5416755437285069
.5572586856367363
.572955191492929
.5887024398367416
.6043944640986525
.6199488131984677
.635246855774329
.6501187061429242
.6643810968867236
.6778103304333821
.6901708872135345
.7004783728794844
.7071888749945576
.7114056412182473
.7134965328761554
.713668850271949
.713668982306464
.7136689817876932
.7136689817824627
.7136689817824058
.7136689817824053
.7136689817824053
.7136689817824053
.7136689817824053
.7136689817824053
.7136689817824053
.7136689817824053
.7136689817824053
.7136689817824053
.7136689817824053
.7136689817824053
.7136689817824053
.7136689817824053
.7136689817824053
.7136689817824053
.7136689817824053
