.5165630156
.6412579995034128
.7682427977274184
.8976679108762124
1.0296541368725785
1.1643584003017722
1.301844394169466
1.442277229597992
1.5857593207929996
1.7324516753898924
1.8824880475197558
2.036015736813825
2.1931858390232426
2.354147419980796
2.5190598257818233
2.688077675391016
2.861366466494995
3.039089428702404
3.2214175861143874
3.4085248973822004
3.6005869187944315
3.797790442223074
4.000316216965744
4.208364284625385
4.422122099038338
4.641786178669895
4.867562790740474
5.099649824505538
5.338259459189385
5.5836078281786445
5.835909336816857
6.095381719299285
6.362248089833848
6.636733847736169
6.919054169500589
7.20943859738342
7.508109818033178
7.815279508341964
8.13117309235371
8.455997743458777
8.789953143155824
9.133248654295134
9.486050700009605
9.848534812130938
10.220870779290617
10.603142577987223
10.995483642168097
11.397968532671555
11.810566346942949
12.233307921482133
12.66608844353965
13.108699039420186
13.560985665952149
14.022500274794119
14.492774586886302
14.971326464209906
15.457075577668292
15.949210007835449
16.446607969615567
16.94760061299468
17.45072712464389
17.95418882338789
18.45591799475019
18.954760309410613
19.45040586750815
19.94690593712357
20.423465764540364
20.807303546816915
21.112857065786915
21.288658420282548
21.301401190472074
21.301406380343263
21.301406359798037
21.301406359593482
21.301406359591258
21.301406359591237
21.301406359591237
21.301406359591237
21.301406359591237
21.301406359591237
21.301406359591237
21.301406359591237
21.301406359591237
21.301406359591237
21.301406359591237
21.301406359591237
21.301406359591237
21.301406359591237
21.301406359591237
21.301406359591237
21.301406359591237
