.6888564811
.9096653372335891
1.1345227895280283
1.363545980141115
1.5967710714024197
1.8342199124464598
2.0758989055887005
2.3218214979323237
2.571995442174
2.8264298197714544
3.0851284490340394
3.348093815770116
3.6153472441394188
3.886903918637297
4.162809719115965
4.443097612773585
4.727838562095611
5.0170963379844045
5.310963876828438
5.609544890305921
5.912949157811632
6.221326515729101
6.534804361324497
6.85357339408511
7.177783494706651
7.507613804767767
7.843274813335045
8.184950103650376
8.532855081342941
8.887214988301094
9.248256023058579
9.616194427197458
9.991268575206421
10.373718847111471
10.763742443326253
11.161582242625073
11.567453058529352
11.98153022087514
12.404027371676863
12.835100753518653
13.274880790971329
13.723519894747911
14.181055615483444
14.647542477943587
15.12301503312135
15.607295833729316
16.100318531992166
16.60187003284431
17.11148080929562
17.628820042553265
18.153226255298623
18.68378206703107
19.21969559052095
19.75944255716945
20.301446933965654
20.844096850417348
21.384170025569325
21.919197539448067
22.445796968877378
22.958612049066367
23.453289513510647
23.92384633889183
24.362044029479453
24.759617494323834
25.107111117093165
25.396885426525653
25.576007949989144
25.542193036067545
25.354574989116312
25.005568069717896
24.489849897643968
23.96301514215244
23.438266544673347
22.91545189331789
22.394670149822293
21.876057904209354
21.359718529443352
20.845787852832807
20.33442511784521
19.82578779725787
19.32003094285968
18.817320432734164
18.317880546524524
17.82189237681752
17.329566478231058
16.841142823513533
16.356874660970874
15.8770106000808
15.401825167524573
14.931610212378443
14.466692510385762
