25.8461538462
25.692325649319287
25.53557097215698
25.375695363548516
25.21254211772721
25.04590722133892
24.87570788265667
24.701729621110058
24.52383934877259
24.341827848053114
24.155520878225733
23.96472648579306
23.7692478932042
23.568890940712627
23.363447998611665
23.152717627773388
22.93648412834604
22.71453480738505
22.48664678731534
22.25259345068451
22.01214609120222
21.765061582120513
21.511104589292554
21.250015203717066
20.981549532161853
20.70545219283831
20.421455480102765
20.129302270460393
19.82871790651451
19.51942283755833
19.20113944879643
18.873587395889196
18.536478971828714
18.189524026393254
17.832447509174212
17.46495498077862
17.08676243068061
16.69760225382281
16.297188083885512
15.885260493258347
15.461571596416313
15.02586034023906
14.577927983313815
14.117563523769913
13.64456495878874
13.158853642581045
12.660281135129473
12.148784035836304
11.624450965569423
11.087282670767538
10.537476593999369
9.975381502879047
9.40126673293648
8.81583563169898
8.219820155796485
7.613971406974752
6.999963000408048
6.3790424208738195
5.752961362655793
5.124485964455355
4.495908672780997
3.8702669946824395
3.251474176778994
2.6428242093027015
2.047391274764388
1.4646406533559537
.9248301792859862
.5100018509811698
.1937950030034183
.015233557162159033
11719596940374062e-21
-46421046027035496e-24
-4690986466730907e-25
-51138685339423445e-28
-4589423122538816e-29
-5012509493346005e-31
-4320661220247262e-33
-33925060321514376e-36
-2631725855474529e-37
-2021893204003166e-39
-14447634935723533e-42
-8122376394702397e-44
-5197998743695454e-46
-28986914105035676e-49
-14338291601227677e-51
-6423860923700351e-53
-2997415021887539e-55
-12298637383738569e-58
-46153909096782817e-61
-15247724655176397e-63
-5212411981943017e-65
