.0056365136
.007246558935032308
.008816547404917179
.010345993506478366
.011835312883144718
.01328513908896231
.014695760678023705
.016068020301597173
.017402446780028617
.018699932722894254
.01996115183398531
.02118685893607204
.02237785955983252
.023534935323309386
.024658911233874602
.025750586094013983
.026810781073614554
.02784030701181447
.028839980200260996
.02981061263170164
.030753017138758387
.03166799701234791
.03255635977881243
.033418895451529644
.03425640581125125
.03506966918133504
.0358594283647866
.03662645955026984
.037371507277044615
.038095306916076724
.038798592228242564
.0394820632388981
.04014642249950695
.040792360423416794
.041420558206953784
.042031682140698155
.04262639214535305
.043205346643492445
.043769183866591815
.04431854544735482
.044854068557613466
.04537637366474888
.04588610225819972
.04638387945649974
.046870324806190376
.04734611357660384
.04781187264488961
.04826826533560475
.04871603100145286
.049155846829455584
.049588498750640544
.05001485505131115
.05043571919955481
.050852199017415486
.051265400495816495
.05167642047472098
.052087279926494784
.05249947413069417
.05291531835671215
.05334014167342808
.053777041034595394
.05423138096721502
.0547116107299388
.05523159485407934
.055812299592840536
.0564937888171818
.05730097684568723
.05813074584635636
.05902399285699685
.0605584197202778
.06304643313744256
.06305308585751586
.06305306020118664
.06305305993909235
.06305305993621947
.06305305993619365
.06305305993619337
.06305305993619337
.06305305993619337
.06305305993619337
.06305305993619337
.06305305993619337
.06305305993619337
.06305305993619337
.06305305993619337
.06305305993619337
.06305305993619337
.06305305993619337
.06305305993619337
.06305305993619337
.06305305993619337
