.0547254725
.07918648286036295
.10374631627307238
.12841301017081322
.153193873813606
.17809785080286614
.20312867266093476
.2282964923871337
.2536075324664643
.2790717485283455
.3046964725288177
.3304896920394704
.3564598946706594
.38261537608062535
.4089648378723651
.43551677387395255
.4622800379921932
.48926345471579613
.516476138914534
.5439274662020754
.5716268687428886
.5995846147111231
.6278105861563026
.6563164266498269
.6851125981498117
.7142104556151332
.7436223452887716
.7733597529336997
.8034366050617833
.8338674291952183
.8646661185633727
.8958494643220851
.9274338667927059
.9594367364160509
.9918781760438932
1.024777670388376
1.0581570440563757
1.0920412952437608
1.1264544499488365
1.1614253565929755
1.196985683553348
1.2331664877653445
1.2700083153916666
1.3075513623371626
1.3458382478053466
1.3849285232786996
1.424874242007338
1.4657397902657614
1.507611116335336
1.550563481625836
1.5947019624814878
1.6401552697572421
1.6870401426767287
1.7355517033345975
1.7858881932993764
1.8382491707011217
1.893064138173792
1.9506376012718643
2.011440557027275
2.076461331476511
2.146333523445902
2.222220659042543
2.306210422274798
2.401450702561911
2.512697822670239
2.64860159705111
2.813937847090285
2.982799360213896
3.1425568144345175
3.242936046588072
3.252030557934257
3.2520382959397685
3.252038265872581
3.2520382655682973
3.252038265564973
3.2520382655649427
3.2520382655649427
3.2520382655649427
3.2520382655649427
3.2520382655649427
3.2520382655649427
3.2520382655649427
3.2520382655649427
3.2520382655649427
3.2520382655649427
3.2520382655649427
3.2520382655649427
3.2520382655649427
3.2520382655649427
3.2520382655649427
3.2520382655649427
